134 49
143 87
144 146
145 159
146 129
147 66
150 81
152 75
153 170
154 136
155 132
156 71
157 73
158 132
159 144
160 105
229 142
230 282
231 582
232 1748
233 1834
234 1814
235 770
236 270
237 512
238 793
239 427
240 1077
241 1809
242 1792
243 1518
244 665
245 803
246 1487
247 1788
248 1359
249 233
52 1121
53 1607
54 941
55 1694
56 650
57 552
58 674
59 287
62 70
63 382
64 154
67 287
68 416
72 196
73 207
78 176
82 120
83 1041
84 517
85 102
89 95
90 210
91 245
98 584
99 240
100 267
112 211
114 171
118 241
120 1884
121 71
122 590
126 368
