8 259
9 438
10 405
11 281
12 199
13 411
14 906
15 1441
16 358
18 198
19 223
20 357
21 744
22 447
23 307
24 693
25 485
26 344
27 201
28 122
29 223
30 266
31 312
32 359
33 571
34 263
37 92
38 403
39 276
40 94
42 305
43 141
46 280
47 584
48 426
49 200
50 440
51 296
52 481
53 1882
54 1549
55 528
56 589
57 638
58 136
248 104
249 136
250 99
251 77
75 546
76 1908
77 1967
78 1953
79 610
80 663
81 249
82 839
83 1088
84 1211
85 688
86 1350
87 1294
88 1117
89 139
93 59
97 59
101 60
103 69
105 66
107 76
109 86
111 71
113 65
115 81
117 98
119 96
121 60
123 80
125 75
127 68
215 34
