 257 140 231 373  91 394 197 476 
 257 140 231 373  91 394 197 476 
  60 137 366 413 105 119 407 217  93 
  90 149 156 159 270 286 212  91 209  62 157 124 195 173  96  87 275  70 
  65 264 168  51 186 
 125 109  51  83 
  56 145  93 107  77 297 305  94 250 174 153  99 
 143 352 135 106 412 
  66 290 436 162 379 138 
  81  85  56  94 145  61 100 162 
 220 720 291 140  89 144 324  99 383 456 107 203 431  83 
 139 177  58  71  92 
 131 628 391  98 572 318 
  96 468 236  48  53 322 211  54 
 179 116 102 141 351 201 235 177 
 115 393 236  45 359 164 
  66 297 292 108 139 166 180  98 
 128 186  82 110 
  259  438  405  281  199  411  906 1441  358  198  223  357  744  447
  307  693  485  344  201  122  223  266  312  359  571  263   92  403
  276   94  305  141  280  584  426  200  440  296  481 1882 1549  528
  589  638  136  104  136   99   77  546 1908 1967 1953  610  663  249
  839 1088 1211  688 1350 1294 1117  139   59   59   60   69   66   76
   86   71   65   81   98   96   60   80   75   68   34 
  88 113  94 109 
 143 141 108  79 169 124 172 307  89 
  57 275 172 207 
 142  94  97  52 156 129 
 144 359 103  87 362 
 170  83 206 
   55  197 1058  327  162  245   97   58  214   63   95  124  960  231
   46 
 170  59  73  75 
  64  51 354 371  84  75 476 207 
 116 490 263  74 102  94 254 101 180 136  59 139  59  72 139 115 760  53 
  78 182 297 103 228 177  38 
  53 333 419  88  88 577 166 
  58 133 164  55 174  35 
 109 429 340  68 225 323  81 
 218 229  38 140 179 
  70  80 126 119  97 126 
 109 115 
  86 137 111 211  75 120 100  51 164  98 
 117 188  97  39  77 187 
  61  99  58 144 155 144 
 215 237  63 145 253 
  71 317 419 117  77 133 146 582  95 
  73 230 272 191  43 230 164 199 
 107 413 429 653 250  59 198 675 484 
 100 338 292 143  82 317 261  65 
 119 225 804 410  54 637 609  96 
 106  92  81  76 
 116 617 502 164 294 135 
 141 138  55 141 
  98 141 299 152 182 342 160 152 544 
  50 175 133 169 192  59  75 198 315  74 134 228  74  82  47 312 604 102
  62 394 
 121 112 129  61 
  53 207 394 234 269 415  95  71 575 349  95 
 93 57 53 78 
  66 261 383 148  72 490 
  38 266 596 172  86  87  71 242 282  88 
  60 150  53 234 
  66 424 625 399  59  43 131 542  98 
  76 165  90 152 369 342  71 210 618 126 
 127 106 112  50 107 323  73 
 100  86  77  94 131 146  66 107 279 173 
 142 458 152 461 160 
 143 190 245 164 107 252 228 
 110  69 
  80 357 271 128 102 135  58 356 
  139  220  269  350  172  100  119   96  184 1194 1741  865  179   59
   85  453  496 1796  852   94  140   61 
 137 671 451  78  92  93  64 102 274  89 255 491  84  80 
 105 415 446 115  67 576 
 106 158  59 177  99 
 113  79  72 102 
 139  87  80 109 125 
 130  89  92 
 121 215 177 136 144 
 80 74 81 
 103 131 
 1088  480  282  235  226   76  667  654  274   66 
 143 210  54 176 
 125 334 205 214 258 
  128  285   94   98   59   99  233  340  672  251  109  334  467  277
  566  210   86  503  980   77  557 1045   54 
  42 110 264 362 134 173 538  37 
  87 244 330  88  76 222 236 
 136 149  97 116 107  66 
 83 57 84 
  98 230 158  92 267 
  98 146 114 151 155 
  70 244 184  52 190 107 
  69 511 542 142 500 398 
 259 282  67  93 227 
 186 516 126 176 120 
  69  88 112  88  91 
  68 423 369  68  67 341 400  50 
 281 164  88  88 116  99 599 448  70 123  56 104 660  70 146 332 
  86 227 342 270 123  59 347  90 
 137 273 149 177 176  75 
 136 245  55 258  92 
 114 535 285 238 407  71 
  49 268 903 313  82  65 433 848 101 
 241 112  59 193  83 
 163 164  85 276 310  70 361  96 
  72 100 112 201 204  44  78 183 188 
  61 535 409 245  92 300 188 
  39  98 122 144 164  90 
 230 191 146 152 156 298 176 481 238  63 
 133 155 287 217  54  77 517 178 
 151 
 108 529 487  99 109 340 
 120 304 173 190  88  70 340 208  41 
  89 249 118 113  94  92  98  95  80 
  97 519 652 130  73  79 224 598 217 
   49   87  146  159  129   66   81   75  170  136  132   71   73  132
  144  105  142  282  582 1748 1834 1814  770  270  512  793  427 1077
 1809 1792 1518  665  803 1487 1788 1359  233 1121 1607  941 1694  650
  552  674  287   70  382  154  287  416  196  207  176  120 1041  517
  102   95  210  245  584  240  267  211  171  241 1884   71  590  368 
   79  727  668  158  140  376  263  115  630 1380  132 
 338 318 103  77 243 384  54 
  60 268 138 216 163 219 
  45  89 301 124 218 151 
  99 184  90  85 
  91 546 783 160 255 904 134 
  555  382  443  609  484  120   56  288  483  160   91   99   92  129
   77   68  293  698  779  107  178   92  656   77   99  316  167  148
  437  217   76  104  141 1085  507  209  254  119  165  244  229  430
   52 
   70  479 1000  432  118  127  142 1134  644   73 
  74 343 305  74  35 293 267  61 
   89  555 1883 1074  134  102  713 1795  344   46  136 
 172 690 565 119 291 486  86 
 88 79 
   58   59  216 1440 1715  335   54 1213  440 
  80 472 689 129 143 109 247 742 125 
  63 386 360 167  54  74 465 228 
 183  74 189 
 221 242  80 154 709 260  75 364 358 123 
 170 662 458 101 122  90  82  70 506 580  82 
 100  75 119 
 220 176  63 203  69 
 217 389  71 218 265  65 
   74  466  677  360  104  159 1079  226 
 130 683 325  56  50 430 486  72 
 127 263  56 148  65 
  74 120 228 329 761 391  77 330 338 
 252 152 185 135  71 251 583 395 245 265 263 123 435 153 257 170 
  247  413  232  358  419  328  801  504  676  920 1833  600   86   32
   35   32   31   31  116  923 1791 1098  637  205   59  130   83   55 
 174 415 407 115 197 613 133 
 137 258  90 166 179 
   70  137  128  157  715 1746 1752  590  105  125   86   52   59   54
   43   67   64   53   58   58   51   55   52   62   61   48  132  335
 1816 1772  713  122  128  127   51 
 111 568 817 550  96  95 402 429 
  62 269 155 204 186  53 101 244 214  63 
 145  99 
 121 273 232 114  86 201 348 
 204 312 108 147 122 
   52   91   62   94   93   60  106   82  316  360 1149 1966 1948 1928
 1951 1951 1521 1151  189   46  110  789 1481 1934 1890 1641 1943 1951
 1342  169   72   70   47  174   69   69   81   72   62   67   54   54
   56 
  83 276 283 121 193 315 109 
 114 301  70 216 169 
   97  172 1040  806  109   52  522 1122  165   79 
 132 132 145 114 
  92 165  97 
 125  57 113 
 56 90 
 154 539 166  64 291 
 123 833 691 106  99 143 913 258  67 
  81 394 227  76 455 151 
  328 1352 1109  657  368  286 1381  591  444   51   83 
  69 142 103  88  97 
 104 168 156 188  66 151 286 208 
 122 223  98 102  57 
 105 664 333  73  58  68 696 327  65  79  49  57 
 158  61  71 165 121 146 160 
 140 311  86  42 223 138 
 32 
 114 166 134 116 155 
  82 431 220 415 141 
 268 464 173 458  68 
  94 379 630 142  69 470 341  56  54 
 208 105 151 309 115  85 186 451  78 
 199 150 202  74 115 258  48 
  85 109 164 
   77  500 1107  239   49  109  822 
 120 242  65 148 187 
  140  904 2054 2030 1610 1454 1998 1648 1001 1051 1969 1866 1019 1369
 1953 1081  127   67   58   75  499   63  538   58  202   57  503   52
  389   53  315  700   58 1231 1154   60 1871 1891   57 1216   54   56 
 217 271  84  89 338  51 
 220 478 148  45 333 326  57 
  51 219 399  99 125 271 151  81 
 108 248 443 181 104 617 342  64 
 118  58 153  79 126  93 
 153 365  61 159 294 
  78 204  66 144 157 
  79  99  78 143  60 
 138 686 645 186 205 928 167 
  118  561 1838 1957 1355  209   91   88  103   96  101   84   97   91
   84  106   97  103  101   97  105   88   73  653 1666 1779  550  296
  834  116  133  111  301   54  118  103 
 52 
 131 223  77  63 268  57 
  96 101 
 243 366 232  85 103 449 160 
  55 131  64  79  90 
   70  394 1681 1159  166  212   99   48  295  924  427   71   69  267
  711 1221  152   62  272 1728  434   60  129   35 
  134 1033  648  514  149  233 1078 
 112 394 328  63  86  70  52 123 423 478  57 945  88 126 288 298  35 
  51 119 383 170  34 217  91 
 158 149 201 148 115  94 185  60 
 113 189 144 116  36  78 259 163 
 101 338 188 166 365  66 
 101 216  65 127 133 
 230 494  76 180 493  75 
  57  99 202 370 263  56 127 529 125 
  90 117  58 162  76 
 129 142 309 283  84 122 513 
 70 93 
  87  85 290 269 102 334  99 116 
 101 248 108 234 169  55 255 295 
 164 164 175 
 764 198  74 141 667  97 868 668  76 
  65 199 373 101 425 
  133   78  392 1295  439   62  352 1056  333   79  106   67 
 144 137 160 
  91  65 138  77 
 194 426 228 172 144 591 164 
  96 532 298  63  45 151 254 322 
 104 787 951 158  67  71  59 558 829 109 
 114 155 127  84 
  75  81 292 164 176 197  98 
 1932 1339  927 1266 1275 1957 1979  819  249   94  119   92  154   72
   55  196  752 1730 1715  119  986  326  387  796 1905 1972 1909 1314
 1267 1041  205  325  233 1601  487   66   72  116   62   54  263   52
   55   56   56   72   53   48   55   92  240   62 
 125 308 259 103 424 163 
  98 103  67  72  74  74 
  72 231 435 240  90 298 244  48 
  53 133 135 136  63 
  77 102  61 
  62 159 195 124  51 111 319 
  73  83 205 122 122 122 
 116 287 114 229 
  162  396  566  860  643  472  133   85  232  301  137  305  223  272
  166  235  173  117  160  163   83   88  198   51  284  105  289  118
  223  272  332  593  392  261   92  399 1498  553   84 
 56 88 77 97 92 
  83  76  72 208  85 141  81 
